99
6 2 0 2 0 2 0
3 1 0 2 0 0 0
34 10 0 10 0 14 0
404 141 0 232 0 31 0
636 8 0 505 0 123 0
451 198 0 167 0 86 0
999 499 0 0 0 500 0
29 9 0 6 0 14 0
391 281 0 43 0 67 0
570 269 0 72 0 229 0
918 390 0 425 0 103 0
595 96 0 275 0 224 0
916 193 0 283 0 440 0
286 112 0 111 0 63 0
484 127 0 118 0 239 0
678 217 0 320 0 141 0
682 208 0 281 0 193 0
831 358 0 214 0 259 0
399 153 0 129 0 117 0
555 178 0 160 0 217 0
815 403 0 400 0 12 0
891 103 0 388 0 400 0
903 676 0 13 0 214 0
973 80 0 470 0 423 0
217 22 0 182 0 13 0
72 26 0 29 0 17 0
810 319 0 182 0 309 0
4 1 0 1 0 2 0
999 250 0 249 0 500 0
36 6 0 13 0 17 0
1000 0 0 501 0 499 0
989 489 0 217 0 283 0
4 2 0 1 0 1 0
1000 500 0 250 0 250 0
162 78 0 44 0 40 0
918 390 0 382 0 146 0
268 30 0 110 0 128 0
4 0 0 2 0 2 0
668 209 0 205 0 254 0
999 499 0 499 0 1 0
504 206 0 170 0 128 0
6 2 0 3 0 1 0
201 19 0 83 0 99 0
384 175 0 40 0 169 0
112 53 0 10 0 49 0
71 35 0 26 0 10 0
848 331 0 417 0 100 0
20 7 0 8 0 5 0
507 238 0 49 0 220 0
1000 334 0 333 0 333 0
655 268 0 270 0 117 0
4 1 0 2 0 1 0
5 1 0 3 0 1 0
236 36 0 105 0 95 0
813 332 0 119 0 362 0
6 3 0 0 0 3 0
594 89 0 432 0 73 0
4 2 0 2 0 0 0
389 128 0 144 0 117 0
5 2 0 1 0 2 0
350 139 0 167 0 44 0
566 9 0 378 0 179 0
452 188 0 198 0 66 0
772 349 0 164 0 259 0
437 92 0 215 0 130 0
195 89 0 70 0 36 0
178 89 0 53 0 36 0
133 31 0 61 0 41 0
650 324 0 240 0 86 0
999 333 0 333 0 333 0
5 2 0 3 0 0 0
4 3 0 0 0 1 0
847 329 0 223 0 295 0
952 352 0 126 0 474 0
375 363 0 1 0 11 0
139 65 0 39 0 35 0
225 56 0 95 0 74 0
212 73 0 43 0 96 0
1000 500 0 500 0 0 0
79 27 0 1 0 51 0
754 287 0 185 0 282 0
3 0 0 0 0 3 0
1000 500 0 1 0 499 0
77 34 0 22 0 21 0
750 230 0 147 0 373 0
150 60 0 55 0 35 0
3 1 0 1 0 1 0
41 20 0 1 0 20 0
802 70 0 364 0 368 0
7 2 0 3 0 2 0
353 74 0 144 0 135 0
999 250 0 499 0 250 0
3 2 0 1 0 0 0
644 617 0 17 0 10 0
378 125 0 145 0 108 0
349 160 0 140 0 49 0
89 15 0 43 0 31 0
278 97 0 93 0 88 0
692 277 0 154 0 261 0
